2387,14
2387,1
2387,10
2387,6
2371,1
2371,3
2373,1
2373,3
2369,1
2369,3
0,273
0,270
72,1
72,3
3,2
10,273
10,71
10,169
10,159
10,149
10,259
10,147
11,26
11,15
11,10
11,25
8,8
8,9
8,12
8,14
8,5
2360,17
2360,16
2360,15
2360,14
2360,13
2360,12
2360,11
2360,10
2360,9
2360,8
2360,7
2360,6
2360,5
2360,4
2360,3
2360,2
2360,1
2360,0
2356,6
2356,5
2356,4
2356,3
2356,2
2356,1
2356,0
2352,6
2352,5
2352,4
2352,3
2352,2
2352,1
2352,0
2348,3
2348,2
2348,1
2348,0
2346,3
2346,2
2346,1
2346,0
2344,3
2344,2
2344,1
2344,0
2342,3
2342,2
2342,1
2342,0
2340,3
2340,2
2340,1
2340,0
2339,4
2339,3
2339,2
2339,1
2339,0
2338,4
2338,3
2338,2
2338,1
2338,0
2314,3
2314,2
2314,1
2314,0
20,3
20,2
20,1
19,3
19,2
19,1
14,4
14,2
14,0
12,3
12,2
12,1
11,30
11,29
11,28
11,27
11,22
11,21
11,20
11,18
11,16
11,13
11,12
11,11
11,8
11,7
11,5
